0
157
39
157
39
0
0
0
0
157
38
0
158
38
0
158
37
158
36
158
35
0
157
34
157
34
155
33
155
33
154
32
154
32
152
32
150
31
148
30
148
30
146
29
146
29
144
29
142
29
140
29
138
29
136
29
134
28
132
28
129
28
127
28
125
28
122
28
120
29
118
30
118
30
115
30
113
31
111
32
111
32
109
33
109
33
107
34
107
34
106
34
104
35
102
36
102
36
100
37
100
37
98
38
98
38
97
39
97
39
95
41
95
41
93
43
93
43
92
44
92
44
90
46
90
46
88
48
88
48
86
49
86
49
84
50
84
50
83
52
83
52
81
53
81
53
80
55
80
55
78
56
78
56
77
58
77
58
75
59
75
59
73
61
73
61
72
62
72
62
70
64
70
64
69
66
69
66
68
67
68
67
0
67
69
67
69
65
71
65
71
64
72
64
72
63
75
63
75
61
76
61
76
60
78
60
78
59
80
59
80
58
82
58
82
56
85
56
85
55
87
55
87
54
90
54
90
53
93
53
93
52
96
52
96
52
99
51
102
51
102
50
105
50
105
49
108
49
108
49
111
49
114
49
117
49
120
49
123
49
125
49
128
49
130
49
133
49
135
49
138
49
141
49
144
49
146
50
149
50
149
51
152
51
152
52
155
52
155
54
158
54
158
55
161
55
161
57
164
57
164
59
166
59
166
60
169
60
169
61
171
61
171
63
173
63
173
64
175
64
175
66
177
66
177
68
178
68
178
71
180
71
180
73
182
73
182
75
183
75
183
78
185
78
185
81
186
81
186
84
187
84
187
86
188
86
188
90
190
90
190
93
192
93
192
96
193
96
193
99
195
99
195
103
196
103
196
106
197
106
197
109
198
109
198
112
199
112
199
116
200
116
200
119
201
119
201
122
201
126
202
129
203
129
203
132
203
135
204
138
204
142
205
145
205
148
205
152
205
155
205
157
205
161
205
164
205
167
205
170
205
173
205
176
205
179
203
182
202
182
202
185
200
185
200
187
199
187
199
190
198
190
198
193
196
193
196
196
195
196
195
199
193
199
193
201
192
201
192
204
190
204
190
206
188
206
188
209
187
209
187
211
185
211
185
213
184
213
184
216
182
216
182
218
180
218
180
220
179
220
179
222
177
222
177
224
175
224
175
226
173
226
173
228
170
228
170
229
168
229
168
231
165
231
165
233
163
233
163
234
160
234
160
236
156
236
156
238
153
238
153
239
150
239
150
240
146
240
146
242
143
242
143
244
141
244
141
245
138
245
138
246
136
246
136
247
133
247
133
248
131
248
131
249
129
249
129
250
126
250
126
250
123
251
121
251
121
252
118
252
118
252
115
252
112
252
110
253
107
253
107
253
104
253
101
253
98
253
95
253
92
253
90
252
87
252
87
251
85
251
85
250
82
250
82
249
78
249
78
247
76
247
76
246
74
246
74
244
72
244
72
242
69
242
69
241
67
241
67
239
66
239
66
237
64
237
64
235
62
235
62
233
61
233
61
231
59
231
59
229
58
229
58
226
57
226
57
224
55
224
55
221
54
221
54
219
53
219
53
217
52
217
52
214
51
214
51
212
49
212
49
210
48
210
48
208
46
208
46
206
45
206
45
203
44
203
44
201
43
201
43
199
42
199
42
197
40
197
40
194
40
192
39
190
38
190
38
188
37
188
37
186
36
186
36
184
35
184
35
182
35
179
33
176
33
174
32
171
32
169
31
167
31
164
30
161
30
159
30
157
30
155
30
152
30
150
30
148
30
146
30
144
30
143
31
141
32
141
32
140
33
140
33
138
33
137
33
136
34
135
34
0
0
157
39
157
39
0
0
0
0
157
38
0
158
38
0
158
37
158
36
158
35
0
157
34
157
34
155
33
155
33
154
32
154
32
152
32
150
31
148
30
148
30
146
29
146
29
144
29
142
29
140
29
138
29
136
29
134
28
132
28
129
28
127
28
125
28
122
28
120
29
118
30
118
30
115
30
113
31
111
32
111
32
109
33
109
33
107
34
107
34
106
34
104
35
102
36
102
36
100
37
100
37
98
38
98
38
97
39
97
39
95
41
95
41
93
43
93
43
92
44
92
44
90
46
90
46
88
48
88
48
86
49
86
49
84
50
84
50
83
52
83
52
81
53
81
53
80
55
80
55
78
56
78
56
77
58
77
58
75
59
75
59
73
61
73
61
72
62
72
62
70
64
70
64
69
66
69
66
68
67
68
67
0
67
69
67
69
65
71
65
71
64
72
64
72
63
75
63
75
61
76
61
76
60
78
60
78
59
80
59
80
58
82
58
82
56
85
56
85
55
87
55
87
54
90
54
90
53
93
53
93
52
96
52
96
52
99
51
102
51
102
50
105
50
105
49
108
49
108
49
111
49
114
49
117
49
120
49
123
49
125
49
128
49
130
49
133
49
135
49
138
49
141
49
144
49
146
50
149
50
149
51
152
51
152
52
155
52
155
54
158
54
158
55
161
55
161
57
164
57
164
59
166
59
166
60
169
60
169
61
171
61
171
63
173
63
173
64
175
64
175
66
177
66
177
68
178
68
178
71
180
71
180
73
182
73
182
75
183
75
183
78
185
78
185
81
186
81
186
84
187
84
187
86
188
86
188
90
190
90
190
93
192
93
192
96
193
96
193
99
195
99
195
103
196
103
196
106
197
106
197
109
198
109
198
112
199
112
199
116
200
116
200
119
201
119
201
122
201
126
202
129
203
129
203
132
203
135
204
138
204
142
205
145
205
148
205
152
205
155
205
157
205
161
205
164
205
167
205
170
205
173
205
176
205
179
203
182
202
182
202
185
200
185
200
187
199
187
199
190
198
190
198
193
196
193
196
196
195
196
195
199
193
199
193
201
192
201
192
204
190
204
190
206
188
206
188
209
187
209
187
211
185
211
185
213
184
213
184
216
182
216
182
218
180
218
180
220
179
220
179
222
177
222
177
224
175
224
175
226
173
226
173
228
170
228
170
229
168
229
168
231
165
231
165
233
163
233
163
234
160
234
160
236
156
236
156
238
153
238
153
239
150
239
150
240
146
240
146
242
143
242
143
244
141
244
141
245
138
245
138
246
136
246
136
247
133
247
133
248
131
248
131
249
129
249
129
250
126
250
126
250
123
251
121
251
121
252
118
252
118
252
115
252
112
252
110
253
107
253
107
253
104
253
101
253
98
253
95
253
92
253
90
252
87
252
87
251
85
251
85
250
82
250
82
249
78
249
78
247
76
247
76
246
74
246
74
244
72
244
72
242
69
242
69
241
67
241
67
239
66
239
66
237
64
237
64
235
62
235
62
233
61
233
61
231
59
231
59
229
58
229
58
226
57
226
57
224
55
224
55
221
54
221
54
219
53
219
53
217
52
217
52
214
51
214
51
212
49
212
49
210
48
210
48
208
46
208
46
206
45
206
45
203
44
203
44
201
43
201
43
199
42
199
42
197
40
197
40
194
40
192
39
190
38
190
38
188
37
188
37
186
36
186
36
184
35
184
35
182
35
179
33
176
33
174
32
171
32
169
31
167
31
164
30
161
30
159
30
157
30
155
30
152
30
150
30
148
30
146
30
144
30
143
31
141
32
141
32
140
33
140
33
138
33
137
33
136
34
135
34
0
0
157
39
0
0
0
0
157
38
0
158
38
0
158
37
158
36
158
35
0
157
34
157
34
155
33
155
33
154
32
154
32
152
32
150
31
148
30
148
30
146
29
146
29
144
29
142
29
140
29
138
29
136
29
134
28
132
28
129
28
127
28
125
28
122
28
120
29
118
30
118
30
115
30
113
31
111
32
111
32
109
33
109
33
107
34
107
34
106
34
104
35
102
36
102
36
100
37
100
37
98
38
98
38
97
39
97
39
95
41
95
41
93
43
93
43
92
44
92
44
90
46
90
46
88
48
88
48
86
49
86
49
84
50
84
50
83
52
83
52
81
53
81
53
80
55
80
55
78
56
78
56
77
58
77
58
75
59
75
59
73
61
73
61
72
62
72
62
70
64
70
64
69
66
69
66
68
67
68
67
0
67
69
67
69
65
71
65
71
64
72
64
72
63
75
63
75
61
76
61
76
60
78
60
78
59
80
59
80
58
82
58
82
56
85
56
85
55
87
55
87
54
90
54
90
53
93
53
93
52
96
52
96
52
99
51
102
51
102
50
105
50
105
49
108
49
108
49
111
49
114
49
117
49
120
49
123
49
125
49
128
49
130
49
133
49
135
49
138
49
141
49
144
49
146
50
149
50
149
51
152
51
152
52
155
52
155
54
158
54
158
55
161
55
161
57
164
57
164
59
166
59
166
60
169
60
169
61
171
61
171
63
173
63
173
64
175
64
175
66
177
66
177
68
178
68
178
71
180
71
180
73
182
73
182
75
183
75
183
78
185
78
185
81
186
81
186
84
187
84
187
86
188
86
188
90
190
90
190
93
192
93
192
96
193
96
193
99
195
99
195
103
196
103
196
106
197
106
197
109
198
109
198
112
199
112
199
116
200
116
200
119
201
119
201
122
201
126
202
129
203
129
203
132
203
135
204
138
204
142
205
145
205
148
205
152
205
155
205
157
205
161
205
164
205
167
205
170
205
173
205
176
205
179
203
182
202
182
202
185
200
185
200
187
199
187
199
190
198
190
198
193
196
193
196
196
195
196
195
199
193
199
193
201
192
201
192
204
190
204
190
206
188
206
188
209
187
209
187
211
185
211
185
213
184
213
184
216
182
216
182
218
180
218
180
220
179
220
179
222
177
222
177
224
175
224
175
226
173
226
173
228
170
228
170
229
168
229
168
231
165
231
165
233
163
233
163
234
160
234
160
236
156
236
156
238
153
238
153
239
150
239
150
240
146
240
146
242
143
242
143
244
141
244
141
245
138
245
138
246
136
246
136
247
133
247
133
248
131
248
131
249
129
249
129
250
126
250
126
250
123
251
121
251
121
252
118
252
118
252
115
252
112
252
110
253
107
253
107
253
104
253
101
253
98
253
95
253
92
253
90
252
87
252
87
251
85
251
85
250
82
250
82
249
78
249
78
247
76
247
76
246
74
246
74
244
72
244
72
242
69
242
69
241
67
241
67
239
66
239
66
237
64
237
64
235
62
235
62
233
61
233
61
231
59
231
59
229
58
229
58
226
57
226
57
224
55
224
55
221
54
221
54
219
53
219
53
217
52
217
52
214
51
214
51
212
49
212
49
210
48
210
48
208
46
208
46
206
45
206
45
203
44
203
44
201
43
201
43
199
42
199
42
197
40
197
40
194
40
192
39
190
38
190
38
188
37
188
37
186
36
186
36
184
35
184
35
182
35
179
33
176
33
174
32
171
32
169
31
167
31
164
30
161
30
159
30
157
30
155
30
152
30
150
30
148
30
146
30
144
30
143
31
141
32
141
32
140
33
140
33
138
33
137
33
136
34
135
34
0
0
157
39
157
39
0
0
0
0
157
38
0
158
38
0
158
37
158
36
158
35
0
157
34
157
34
155
33
155
33
154
32
154
32
152
32
150
31
148
30
148
30
146
29
146
29
144
29
142
29
140
29
138
29
136
29
134
28
132
28
129
28
127
28
125
28
122
28
120
29
118
30
118
30
115
30
113
31
111
32
111
32
109
33
109
33
107
34
107
34
106
34
104
35
102
36
102
36
100
37
100
37
98
38
98
38
97
39
97
39
95
41
95
41
93
43
93
43
92
44
92
44
90
46
90
46
88
48
88
48
86
49
86
49
84
50
84
50
83
52
83
52
81
53
81
53
80
55
80
55
78
56
78
56
77
58
77
58
75
59
75
59
73
61
73
61
72
62
72
62
70
64
70
64
69
66
69
66
68
67
68
67
0
67
69
67
69
65
71
65
71
64
72
64
72
63
75
63
75
61
76
61
76
60
78
60
78
59
80
59
80
58
82
58
82
56
85
56
85
55
87
55
87
54
90
54
90
53
93
53
93
52
96
52
96
52
99
51
102
51
102
50
105
50
105
49
108
49
108
49
111
49
114
49
117
49
120
49
123
49
125
49
128
49
130
49
133
49
135
49
138
49
141
49
144
49
146
50
149
50
149
51
152
51
152
52
155
52
155
54
158
54
158
55
161
55
161
57
164
57
164
59
166
59
166
60
169
60
169
61
171
61
171
63
173
63
173
64
175
64
175
66
177
66
177
68
178
68
178
71
180
71
180
73
182
73
182
75
183
75
183
78
185
78
185
81
186
81
186
84
187
84
187
86
188
86
188
90
190
90
190
93
192
93
192
96
193
96
193
99
195
99
195
103
196
103
196
106
197
106
197
109
198
109
198
112
199
112
199
116
200
116
200
119
201
119
201
122
201
126
202
129
203
129
203
132
203
135
204
138
204
142
205
145
205
148
205
152
205
155
205
157
205
161
205
164
205
167
205
170
205
173
205
176
205
179
203
182
202
182
202
185
200
185
200
187
199
187
199
190
198
190
198
193
196
193
196
196
195
196
195
199
193
199
193
201
192
201
192
204
190
204
190
206
188
206
188
209
187
209
187
211
185
211
185
213
184
213
184
216
182
216
182
218
180
218
180
220
179
220
179
222
177
222
177
224
175
224
175
226
173
226
173
228
170
228
170
229
168
229
168
231
165
231
165
233
163
233
163
234
160
234
160
236
156
236
156
238
153
238
153
239
150
239
150
240
146
240
146
242
143
242
143
244
141
244
141
245
138
245
138
246
136
246
136
247
133
247
133
248
131
248
131
249
129
249
129
250
126
250
126
250
123
251
121
251
121
252
118
252
118
252
115
252
112
252
110
253
107
253
107
253
104
253
101
253
98
253
95
253
92
253
90
252
87
252
87
251
85
251
85
250
82
250
82
249
78
249
78
247
76
247
76
246
74
246
74
244
72
244
72
242
69
242
69
241
67
241
67
239
66
239
66
237
64
237
64
235
62
235
62
233
61
233
61
231
59
231
59
229
58
229
58
226
57
226
57
224
55
224
55
221
54
221
54
219
53
219
53
217
52
217
52
214
51
214
51
212
49
212
49
210
48
210
48
208
46
208
46
206
45
206
45
203
44
203
44
201
43
201
43
199
42
199
42
197
40
197
40
194
40
192
39
190
38
190
38
188
37
188
37
186
36
186
36
184
35
184
35
182
35
179
33
176
33
174
32
171
32
169
31
167
31
164
30
161
30
159
30
157
30
155
30
152
30
150
30
148
30
146
30
144
30
143
31
141
32
141
32
140
33
140
33
138
33
137
33
136
34
135
34
0
0
157
39
0
0
0
0
157
38
0
158
38
0
158
37
158
36
158
35
0
157
34
157
34
155
33
155
33
154
32
154
32
152
32
150
31
148
30
148
30
146
29
146
29
144
29
142
29
140
29
138
29
136
29
134
28
132
28
129
28
127
28
125
28
122
28
120
29
118
30
118
30
115
30
113
31
111
32
111
32
109
33
109
33
107
34
107
34
106
34
104
35
102
36
102
36
100
37
100
37
98
38
98
38
97
39
97
39
95
41
95
41
93
43
93
43
92
44
92
44
90
46
90
46
88
48
88
48
86
49
86
49
84
50
84
50
83
52
83
52
81
53
81
53
80
55
80
55
78
56
78
56
77
58
77
58
75
59
75
59
73
61
73
61
72
62
72
62
70
64
70
64
69
66
69
66
68
67
68
67
0
67
69
67
69
65
71
65
71
64
72
64
72
63
75
63
75
61
76
61
76
60
78
60
78
59
80
59
80
58
82
58
82
56
85
56
85
55
87
55
87
54
90
54
90
53
93
53
93
52
96
52
96
52
99
51
102
51
102
50
105
50
105
49
108
49
108
49
111
49
114
49
117
49
120
49
123
49
125
49
128
49
130
49
133
49
135
49
138
49
141
49
144
49
146
50
149
50
149
51
152
51
152
52
155
52
155
54
158
54
158
55
161
55
161
57
164
57
164
59
166
59
166
60
169
60
169
61
171
61
171
63
173
63
173
64
175
64
175
66
177
66
177
68
178
68
178
71
180
71
180
73
182
73
182
75
183
75
183
78
185
78
185
81
186
81
186
84
187
84
187
86
188
86
188
90
190
90
190
93
192
93
192
96
193
96
193
99
195
99
195
103
196
103
196
106
197
106
197
109
198
109
198
112
199
112
199
116
200
116
200
119
201
119
201
122
201
126
202
129
203
129
203
132
203
135
204
138
204
142
205
145
205
148
205
152
205
155
205
157
205
161
205
164
205
167
205
170
205
173
205
176
205
179
203
182
202
182
202
185
200
185
200
187
199
187
199
190
198
190
198
193
196
193
196
196
195
196
195
199
193
199
193
201
192
201
192
204
190
204
190
206
188
206
188
209
187
209
187
211
185
211
185
213
184
213
184
216
182
216
182
218
180
218
180
220
179
220
179
222
177
222
177
224
175
224
175
226
173
226
173
228
170
228
170
229
168
229
168
231
165
231
165
233
163
233
163
234
160
234
160
236
156
236
156
238
153
238
153
239
150
239
150
240
146
240
146
242
143
242
143
244
141
244
141
245
138
245
138
246
136
246
136
247
133
247
133
248
131
248
131
249
129
249
129
250
126
250
126
250
123
251
121
251
121
252
118
252
118
252
115
252
112
252
110
253
107
253
107
253
104
253
101
253
98
253
95
253
92
253
90
252
87
252
87
251
85
251
85
250
82
250
82
249
78
249
78
247
76
247
76
246
74
246
74
244
72
244
72
242
69
242
69
241
67
241
67
239
66
239
66
237
64
237
64
235
62
235
62
233
61
233
61
231
59
231
59
229
58
229
58
226
57
226
57
224
55
224
55
221
54
221
54
219
53
219
53
217
52
217
52
214
51
214
51
212
49
212
49
210
48
210
48
208
46
208
46
206
45
206
45
203
44
203
44
201
43
201
43
199
42
199
42
197
40
197
40
194
40
192
39
190
38
190
38
188
37
188
37
186
36
186
36
184
35
184
35
182
35
179
33
176
33
174
32
171
32
169
31
167
31
164
30
161
30
159
30
157
30
155
30
152
30
150
30
148
30
146
30
144
30
143
31
141
32
141
32
140
33
140
33
138
33
137
33
136
34
135
34
0
0
157
39
0
0
0
0
157
38
0
158
38
0
158
37
158
36
158
35
0
157
34
157
34
155
33
155
33
154
32
154
32
152
32
150
31
148
30
148
30
146
29
146
29
144
29
142
29
140
29
138
29
136
29
134
28
132
28
129
28
127
28
125
28
122
28
120
29
118
30
118
30
115
30
113
31
111
32
111
32
109
33
109
33
107
34
107
34
106
34
104
35
102
36
102
36
100
37
100
37
98
38
98
38
97
39
97
39
95
41
95
41
93
43
93
43
92
44
92
44
90
46
90
46
88
48
88
48
86
49
86
49
84
50
84
50
83
52
83
52
81
53
81
53
80
55
80
55
78
56
78
56
77
58
77
58
75
59
75
59
73
61
73
61
72
62
72
62
70
64
70
64
69
66
69
66
68
67
68
67
0
67
69
67
69
65
71
65
71
64
72
64
72
63
75
63
75
61
76
61
76
60
78
60
78
59
80
59
80
58
82
58
82
56
85
56
85
55
87
55
87
54
90
54
90
53
93
53
93
52
96
52
96
52
99
51
102
51
102
50
105
50
105
49
108
49
108
49
111
49
114
49
117
49
120
49
123
49
125
49
128
49
130
49
133
49
135
49
138
49
141
49
144
49
146
50
149
50
149
51
152
51
152
52
155
52
155
54
158
54
158
55
161
55
161
57
164
57
164
59
166
59
166
60
169
60
169
61
171
61
171
63
173
63
173
64
175
64
175
66
177
66
177
68
178
68
178
71
180
71
180
73
182
73
182
75
183
75
183
78
185
78
185
81
186
81
186
84
187
84
187
86
188
86
188
90
190
90
190
93
192
93
192
96
193
96
193
99
195
99
195
103
196
103
196
106
197
106
197
109
198
109
198
112
199
112
199
116
200
116
200
119
201
119
201
122
201
126
202
129
203
129
203
132
203
135
204
138
204
142
205
145
205
148
205
152
205
155
205
157
205
161
205
164
205
167
205
170
205
173
205
176
205
179
203
182
202
182
202
185
200
185
200
187
199
187
199
190
198
190
198
193
196
193
196
196
195
196
195
199
193
199
193
201
192
201
192
204
190
204
190
206
188
206
188
209
187
209
187
211
185
211
185
213
184
213
184
216
182
216
182
218
180
218
180
220
179
220
179
222
177
222
177
224
175
224
175
226
173
226
173
228
170
228
170
229
168
229
168
231
165
231
165
233
163
233
163
234
160
234
160
236
156
236
156
238
153
238
153
239
150
239
150
240
146
240
146
242
143
242
143
244
141
244
141
245
138
245
138
246
136
246
136
247
133
247
133
248
131
248
131
249
129
249
129
250
126
250
126
250
123
251
121
251
121
252
118
252
118
252
115
252
112
252
110
253
107
253
107
253
104
253
101
253
98
253
95
253
92
253
90
252
87
252
87
251
85
251
85
250
82
250
82
249
78
249
78
247
76
247
76
246
74
246
74
244
72
244
72
242
69
242
69
241
67
241
67
239
66
239
66
237
64
237
64
235
62
235
62
233
61
233
61
231
59
231
59
229
58
229
58
226
57
226
57
224
55
224
55
221
54
221
54
219
53
219
53
217
52
217
52
214
51
214
51
212
49
212
49
210
48
210
48
208
46
208
46
206
45
206
45
203
44
203
44
201
43
201
43
199
42
199
42
197
40
197
40
194
40
192
39
190
38
190
38
188
37
188
37
186
36
186
36
184
35
184
35
182
35
179
33
176
33
174
32
171
32
169
31
167
31
164
30
161
30
159
30
157
30
155
30
152
30
150
30
148
30
146
30
144
30
143
31
141
32
141
32
140
33
140
33
138
33
137
33
136
34
135
34
0
